- Jet Lab
- Date: 2025-11-19 17:59:09.888838
215293;-600
215327;-598
215386;-596
215365;-594
215361;-592
215436;-590
215300;-588
215394;-586
215388;-584
215368;-582
215340;-580
215311;-578
215360;-576
215385;-574
215335;-572
215335;-570
215398;-568
215308;-566
215276;-564
215340;-562
215400;-560
215391;-558
215344;-556
215314;-554
215376;-552
215397;-550
215361;-548
215354;-546
215392;-544
215424;-542
215391;-540
215352;-538
215422;-536
215373;-534
215391;-532
215421;-530
215375;-528
215353;-526
215365;-524
215347;-522
215368;-520
215362;-518
215403;-516
215375;-514
215334;-512
215375;-510
215351;-508
215378;-506
215301;-504
215396;-502
215389;-500
215415;-498
215396;-496
215361;-494
215333;-492
215352;-490
215330;-488
215422;-486
215405;-484
215495;-482
215435;-480
215428;-478
215424;-476
215423;-474
215410;-472
215392;-470
215465;-468
215350;-466
215365;-464
215401;-462
215415;-460
215404;-458
215423;-456
215361;-454
215406;-452
215426;-450
215469;-448
215425;-446
215379;-444
215404;-442
215416;-440
215389;-438
215434;-436
215445;-434
215403;-432
215493;-430
215477;-428
215448;-426
215421;-424
16773172;-422
215476;-420
215435;-418
215480;-416
215504;-414
215413;-412
215346;-410
215509;-408
215491;-406
215469;-404
215371;-402
215495;-400
215425;-398
215439;-396
215423;-394
215439;-392
215390;-390
215426;-388
215379;-386
215493;-384
215488;-382
215545;-380
215456;-378
215523;-376
215413;-374
215435;-372
215520;-370
215488;-368
215591;-366
215432;-364
215466;-362
215548;-360
215422;-358
215593;-356
215532;-354
215506;-352
215439;-350
215581;-348
215515;-346
215521;-344
215633;-342
215612;-340
215582;-338
215700;-336
215624;-334
215636;-332
215636;-330
215502;-328
215682;-326
215620;-324
215547;-322
215634;-320
215680;-318
215526;-316
215722;-314
215548;-312
215643;-310
215629;-308
215732;-306
215776;-304
215741;-302
215734;-300
215647;-298
215805;-296
215835;-294
215873;-292
215855;-290
215811;-288
215742;-286
215773;-284
215913;-282
215869;-280
215779;-278
215938;-276
215842;-274
215928;-272
215775;-270
215890;-268
215869;-266
216038;-264
216003;-262
216127;-260
216239;-258
216024;-256
216093;-254
216069;-252
216123;-250
216082;-248
216191;-246
216454;-244
216147;-242
216255;-240
216201;-238
216217;-236
216520;-234
216057;-232
216329;-230
216283;-228
216309;-226
216601;-224
216609;-222
216371;-220
216636;-218
216851;-216
216279;-214
216699;-212
216622;-210
216813;-208
216865;-206
216597;-204
216665;-202
216967;-200
217055;-198
216791;-196
216990;-194
216859;-192
217103;-190
217146;-188
216973;-186
216965;-184
217013;-182
217410;-180
217180;-178
217449;-176
217536;-174
217186;-172
217943;-170
217549;-168
217605;-166
218007;-164
217691;-162
217922;-160
217908;-158
217653;-156
218214;-154
217932;-152
217996;-150
218118;-148
218319;-146
217995;-144
218143;-142
218172;-140
218114;-138
218268;-136
218463;-134
218293;-132
218232;-130
218419;-128
218358;-126
218425;-124
218514;-122
218483;-120
218739;-118
218467;-116
218434;-114
218499;-112
218637;-110
218446;-108
218541;-106
218506;-104
218377;-102
218328;-100
218378;-98
218595;-96
218385;-94
218262;-92
218855;-90
218479;-88
218381;-86
218738;-84
218347;-82
218478;-80
218320;-78
218404;-76
218390;-74
218450;-72
218377;-70
218475;-68
218593;-66
218439;-64
218084;-62
218121;-60
218154;-58
218332;-56
218288;-54
218175;-52
218036;-50
218311;-48
218115;-46
217851;-44
218113;-42
218059;-40
217905;-38
217825;-36
217896;-34
217845;-32
217459;-30
217701;-28
217671;-26
217621;-24
217808;-22
217661;-20
217448;-18
217654;-16
217440;-14
217436;-12
217809;-10
217634;-8
217460;-6
217507;-4
217202;-2
217383;0
217267;2
216981;4
217345;6
217175;8
216934;10
217129;12
217194;14
217142;16
216963;18
216785;20
216855;22
216757;24
216881;26
216311;28
216582;30
216580;32
216626;34
216457;36
216573;38
216601;40
216339;42
216734;44
216641;46
216605;48
216396;50
216470;52
216495;54
216489;56
216468;58
216432;60
216582;62
216431;64
216281;66
216280;68
216293;70
216352;72
216401;74
216307;76
216309;78
216293;80
216311;82
216404;84
216152;86
216312;88
216104;90
216244;92
216258;94
216168;96
216385;98
216072;100
216047;102
216048;104
216113;106
216160;108
216110;110
216154;112
216251;114
215962;116
216108;118
216091;120
216017;122
216005;124
215993;126
216025;128
215988;130
216001;132
216038;134
215967;136
216024;138
216000;140
216034;142
215904;144
215923;146
215934;148
215908;150
215916;152
215919;154
215959;156
215928;158
215959;160
215931;162
215987;164
215915;166
215912;168
215963;170
215898;172
215893;174
215942;176
215961;178
215882;180
215932;182
215934;184
215900;186
215863;188
215909;190
215964;192
215886;194
215951;196
215947;198
215978;200
215916;202
215915;204
215962;206
215881;208
215906;210
215992;212
215927;214
215958;216
215913;218
215949;220
215970;222
215881;224
215897;226
215817;228
215864;230
215853;232
215798;234
215867;236
215814;238
215882;240
215894;242
215899;244
215877;246
215928;248
215878;250
215885;252
215943;254
215860;256
215956;258
215874;260
215888;262
215866;264
215879;266
215910;268
215896;270
215925;272
215871;274
215826;276
215921;278
215847;280
215917;282
215889;284
215912;286
215901;288
215968;290
215899;292
215834;294
215873;296
215950;298
215873;300
215892;302
215883;304
215944;306
215929;308
215895;310
215810;312
215873;314
215896;316
215869;318
215843;320
215901;322
215892;324
215854;326
215900;328
215853;330
215868;332
215864;334
215862;336
215892;338
215795;340
215926;342
215881;344
215848;346
215891;348
215812;350
215827;352
215862;354
215847;356
215920;358
215861;360
215788;362
215821;364
215826;366
215880;368
215806;370
215885;372
215742;374
215907;376
215821;378
215830;380
215899;382
215848;384
215911;386
215855;388
215846;390
215930;392
215807;394
215826;396
215859;398
215881;400
215930;402
215845;404
215834;406
215831;408
215809;410
215880;412
215824;414
215843;416
215896;418
215871;420
215816;422
215838;424
215868;426
215811;428
215813;430
215874;432
215860;434
215810;436
215855;438
215895;440
215832;442
215908;444
215863;446
215803;448
215802;450
215778;452
215854;454
215751;456
215877;458
215799;460
215849;462
215782;464
215841;466
215784;468
215855;470
215810;472
215843;474
215864;476
215850;478
215879;480
215852;482
215827;484
215835;486
215863;488
215809;490
215874;492
215826;494
215890;496
215897;498
215844;500
215854;502
215819;504
215765;506
215815;508
215835;510
215747;512
215847;514
215761;516
215865;518
215850;520
215720;522
215814;524
215794;526
215853;528
215870;530
215822;532
215820;534
215809;536
215888;538
215789;540
215836;542
215853;544
215811;546
215870;548
215829;550
215856;552
215891;554
215839;556
215878;558
215806;560
215885;562
215795;564
215838;566
215839;568
215819;570
215795;572
215878;574
215815;576
215807;578
215892;580
215865;582
215812;584
215819;586
215813;588
215863;590
215840;592
215854;594
215855;596
215842;598
